   493.0016       493.0017       493.0024       493.0036       493.0046    
   493.0060       493.0069       493.0080       493.0089       493.0097    
   493.0015       493.0016       493.0023       493.0036       493.0046    
   493.0059       493.0069       493.0079       493.0087       493.0096    
   493.0015       493.0017       493.0023       493.0036       493.0045    
   493.0059       493.0069       493.0078       493.0087       493.0096    
   493.0015       493.0017       493.0023       493.0036       493.0045    
   493.0057       493.0067       493.0076       493.0086       493.0095    
   493.0014       493.0016       493.0022       493.0035       493.0044    
   493.0056       493.0066       493.0074       493.0084       493.0093    
   493.0013       493.0015       493.0020       493.0033       493.0042    
   493.0054       493.0063       493.0072       493.0081       493.0090    
   493.0011       493.0014       493.0019       493.0031       493.0041    
   493.0052       493.0061       493.0069       493.0077       493.0089    
   493.0010       493.0013       493.0018       493.0029       493.0040    
   493.0050       493.0059       493.0067       493.0074       493.0086    
   493.0010       493.0013       493.0017       493.0028       493.0040    
   493.0050       493.0058       493.0065       493.0073       493.0085    
   493.0010       493.0013       493.0017       493.0028       493.0039    
   493.0049       493.0057       493.0065       493.0073       493.0085    
   493.0009       493.0012       493.0016       493.0027       493.0037    
   493.0047       493.0055       493.0063       493.0071       493.0083    
   493.0003       493.0007       493.0010       493.0017       493.0025    
   493.0034       493.0043       493.0051       493.0060       493.0069    
